                             date     open     high      low    close volume        rsi    stoch_k    stoch_d
0    20230731 18:00:00 US/Eastern  1964.98  1966.09  1964.62  1965.60     -1        NaN        NaN        NaN
1    20230731 19:00:00 US/Eastern  1965.60  1965.74  1963.82  1963.92     -1        NaN        NaN        NaN
2    20230731 20:00:00 US/Eastern  1963.92  1964.68  1962.97  1963.40     -1        NaN        NaN        NaN
3    20230731 21:00:00 US/Eastern  1963.40  1963.94  1960.67  1960.94     -1        NaN        NaN        NaN
4    20230731 22:00:00 US/Eastern  1960.94  1961.05  1958.97  1960.57     -1        NaN        NaN        NaN
5    20230731 23:00:00 US/Eastern  1960.57  1962.79  1959.68  1962.17     -1        NaN        NaN        NaN
6    20230801 00:00:00 US/Eastern  1962.17  1962.30  1958.91  1959.66     -1        NaN        NaN        NaN
7    20230801 01:00:00 US/Eastern  1959.66  1960.15  1958.25  1958.93     -1        NaN        NaN        NaN
8    20230801 02:00:00 US/Eastern  1958.93  1959.13  1955.82  1957.66     -1        NaN        NaN        NaN
9    20230801 03:00:00 US/Eastern  1957.66  1957.68  1954.41  1955.51     -1        NaN        NaN        NaN
10   20230801 04:00:00 US/Eastern  1955.51  1957.20  1954.67  1955.76     -1        NaN        NaN        NaN
11   20230801 05:00:00 US/Eastern  1955.76  1957.68  1955.65  1956.85     -1        NaN        NaN        NaN
12   20230801 06:00:00 US/Eastern  1956.85  1957.45  1954.47  1956.22     -1        NaN        NaN        NaN
13   20230801 07:00:00 US/Eastern  1956.22  1956.65  1953.19  1953.56     -1  16.884707   2.868217        NaN
14   20230801 08:00:00 US/Eastern  1953.56  1956.06  1946.00  1946.85     -1  10.535131   4.305978        NaN
15   20230801 09:00:00 US/Eastern  1946.85  1948.72  1944.60  1947.86     -1  15.675435  16.235060   7.803085
16   20230801 10:00:00 US/Eastern  1947.86  1953.89  1943.52  1946.64     -1  14.585313  15.279138  11.940059
17   20230801 11:00:00 US/Eastern  1946.64  1946.75  1941.44  1944.26     -1  12.726012  13.208431  14.907543
18   20230801 12:00:00 US/Eastern  1944.26  1944.28  1941.88  1943.15     -1  11.960231   8.009368  12.165646
19   20230801 13:00:00 US/Eastern  1943.15  1943.66  1941.27  1942.81     -1  11.727446   7.322872   9.513557
20   20230801 14:00:00 US/Eastern  1942.81  1945.53  1942.81  1944.35     -1  19.381276  16.313559  10.548600
21   20230801 15:00:00 US/Eastern  1944.35  1945.64  1944.01  1944.49     -1  20.059870  18.029115  13.888516
22   20230801 16:00:00 US/Eastern  1944.49  1944.92  1943.34  1943.34     -1  18.669706  12.614260  15.652311
23   20230801 18:00:00 US/Eastern  1951.46  1951.78  1947.20  1951.20     -1  46.142109  60.511883  30.385086
24   20230801 19:00:00 US/Eastern  1951.20  1952.90  1950.48  1952.17     -1  48.456068  66.422913  46.516352
25   20230801 20:00:00 US/Eastern  1952.17  1952.44  1948.39  1949.23     -1  42.496439  49.196539  58.710445
26   20230801 21:00:00 US/Eastern  1949.23  1949.88  1947.71  1947.71     -1  39.772867  41.872562  52.497338
27   20230801 22:00:00 US/Eastern  1947.71  1949.85  1947.20  1948.22     -1  41.136028  46.991210  46.020104
28   20230801 23:00:00 US/Eastern  1948.22  1949.52  1946.59  1949.33     -1  44.101492  63.866878  50.910217
29   20230802 00:00:00 US/Eastern  1949.33  1949.43  1945.25  1946.37     -1  38.527489  40.412044  50.423378
30   20230802 01:00:00 US/Eastern  1946.37  1949.97  1946.33  1948.98     -1  45.114726  66.294067  56.857663
31   20230802 02:00:00 US/Eastern  1948.98  1950.42  1948.00  1949.01     -1  45.187431  66.552021  57.752711
32   20230802 03:00:00 US/Eastern  1949.01  1950.28  1947.72  1948.32     -1  43.751872  60.619089  64.488392
33   20230802 04:00:00 US/Eastern  1948.32  1951.96  1948.32  1949.86     -1  47.742220  69.871160  65.680756
34   20230802 05:00:00 US/Eastern  1949.86  1951.33  1948.41  1949.63     -1  47.203616  65.794979  65.428409
35   20230802 06:00:00 US/Eastern  1949.63  1953.02  1948.31  1952.69     -1  54.550083  96.590909  77.419016
36   20230802 07:00:00 US/Eastern  1952.69  1954.77  1950.44  1950.70     -1  49.706123  57.247899  73.211262
37   20230802 08:00:00 US/Eastern  1950.70  1951.95  1943.72  1945.67     -1  40.030197  17.647059  57.161956
38   20230802 09:00:00 US/Eastern  1945.67  1947.69  1943.44  1945.14     -1  39.165082  15.004413  29.966457
39   20230802 10:00:00 US/Eastern  1945.14  1945.28  1933.93  1935.95     -1  27.904052   9.692898  14.114790
40   20230802 11:00:00 US/Eastern  1935.95  1937.01  1932.98  1935.58     -1  27.560465  11.932079  12.209797
41   20230802 12:00:00 US/Eastern  1935.58  1938.46  1935.10  1935.70     -1  27.870668  12.482790  11.369256
42   20230802 13:00:00 US/Eastern  1935.70  1939.16  1935.51  1936.74     -1  30.642702  17.255622  13.890164
43   20230802 14:00:00 US/Eastern  1936.74  1936.79  1935.66  1936.52     -1  30.376751  16.245984  15.328132
44   20230802 15:00:00 US/Eastern  1936.52  1936.86  1935.06  1935.27     -1  28.844902  10.509408  14.670338
45   20230802 16:00:00 US/Eastern  1935.27  1935.59  1934.60  1934.60     -1  28.029011   7.434603  11.396665
46   20230802 18:00:00 US/Eastern  1933.47  1936.96  1933.47  1936.31     -1  33.220723  15.282240  11.075417
47   20230802 19:00:00 US/Eastern  1936.31  1936.68  1935.48  1936.06     -1  32.847657  14.134924  12.283922
48   20230802 20:00:00 US/Eastern  1936.06  1937.08  1935.29  1935.45     -1  31.906145  11.335475  13.584213
49   20230802 21:00:00 US/Eastern  1935.45  1938.93  1935.13  1936.85     -1  36.411054  17.760441  14.410280
50   20230802 22:00:00 US/Eastern  1936.85  1938.12  1935.90  1936.27     -1  35.367145  17.343173  15.479696
51   20230802 23:00:00 US/Eastern  1936.27  1937.35  1933.88  1937.30     -1  38.726794  29.367777  21.490464
52   20230803 00:00:00 US/Eastern  1937.30  1938.06  1933.86  1934.02     -1  32.867691   8.455285  18.388745
53   20230803 01:00:00 US/Eastern  1934.02  1935.64  1933.00  1935.16     -1  36.465553  35.275081  24.366047
54   20230803 02:00:00 US/Eastern  1935.16  1936.23  1932.83  1933.48     -1  33.607088  10.268562  17.999643
55   20230803 03:00:00 US/Eastern  1933.48  1938.38  1930.90  1936.91     -1  43.367831  72.760291  39.434645
56   20230803 04:00:00 US/Eastern  1936.91  1938.47  1934.77  1937.80     -1  45.602537  85.927771  56.318875
57   20230803 05:00:00 US/Eastern  1937.80  1937.89  1935.43  1936.21     -1  42.384741  66.127024  74.938362
58   20230803 06:00:00 US/Eastern  1936.21  1937.45  1932.82  1934.29     -1  38.822361  42.216687  64.757161
59   20230803 07:00:00 US/Eastern  1934.29  1937.18  1933.11  1935.10     -1  41.072539  52.303861  53.549191
60   20230803 08:00:00 US/Eastern  1935.10  1938.46  1929.53  1932.92     -1  37.115785  36.063830  43.528126
61   20230803 09:00:00 US/Eastern  1932.92  1937.82  1930.35  1932.26     -1  35.985502  29.042553  39.136748
62   20230803 10:00:00 US/Eastern  1932.26  1938.57  1932.26  1934.92     -1  43.458855  57.340426  40.815603
63   20230803 11:00:00 US/Eastern  1934.92  1938.79  1932.83  1933.00     -1  39.843134  37.473002  41.285327
64   20230803 12:00:00 US/Eastern  1933.00  1936.01  1932.81  1935.68     -1  46.530307  66.414687  53.742705
65   20230803 13:00:00 US/Eastern  1935.68  1935.90  1933.29  1934.75     -1  44.674430  56.371490  53.419726
66   20230803 14:00:00 US/Eastern  1934.75  1935.35  1932.66  1933.17     -1  41.636053  39.308855  54.031677
67   20230803 15:00:00 US/Eastern  1933.17  1934.50  1932.50  1934.27     -1  44.467759  51.187905  48.956084
68   20230803 16:00:00 US/Eastern  1934.27  1934.66  1933.21  1933.21     -1  42.336126  39.740821  43.412527
69   20230803 18:00:00 US/Eastern  1933.47  1936.96  1933.47  1935.50     -1  48.121949  64.470842  51.799856
70   20230803 19:00:00 US/Eastern  1935.50  1935.81  1934.78  1935.68     -1  48.558861  66.414687  56.875450
71   20230803 20:00:00 US/Eastern  1935.68  1936.75  1934.88  1936.70     -1  51.073449  77.429806  69.438445
72   20230803 21:00:00 US/Eastern  1936.70  1938.01  1935.56  1936.50     -1  50.551647  75.269978  73.038157
73   20230803 22:00:00 US/Eastern  1936.50  1937.49  1934.68  1935.18     -1  47.129252  61.015119  71.238301
74   20230803 23:00:00 US/Eastern  1935.18  1936.56  1934.21  1935.24     -1  47.303888  57.938389  64.741162
75   20230804 00:00:00 US/Eastern  1935.24  1935.53  1933.21  1934.51     -1  45.341556  34.456355  51.136621
76   20230804 01:00:00 US/Eastern  1934.51  1937.46  1934.22  1936.30     -1  50.737944  60.413355  50.936033
77   20230804 02:00:00 US/Eastern  1936.30  1936.48  1932.07  1933.06     -1  42.549252  16.666667  37.178792
78   20230804 03:00:00 US/Eastern  1933.06  1934.15  1932.07  1932.91     -1  42.209608  14.141414  30.407145
79   20230804 04:00:00 US/Eastern  1932.91  1933.73  1932.15  1932.42     -1  41.056672   5.892256  12.233446
80   20230804 05:00:00 US/Eastern  1932.42  1934.24  1932.20  1933.42     -1  44.394763  22.727273  14.253648
81   20230804 06:00:00 US/Eastern  1933.42  1933.77  1931.24  1932.80     -1  42.777232  23.042836  17.220788
82   20230804 07:00:00 US/Eastern  1932.80  1933.41  1931.32  1932.28     -1  41.414321  15.361891  20.377333
83   20230804 08:00:00 US/Eastern  1932.28  1942.80  1924.07  1938.98     -1  59.374479  79.604912  39.336546
84   20230804 09:00:00 US/Eastern  1938.98  1946.91  1938.68  1943.42     -1  66.667113  84.719790  59.895531
85   20230804 10:00:00 US/Eastern  1943.42  1944.00  1938.81  1939.03     -1  55.969163  65.499124  76.607942
86   20230804 11:00:00 US/Eastern  1939.03  1944.00  1937.54  1942.70     -1  61.527284  81.567426  77.262113
87   20230804 12:00:00 US/Eastern  1942.70  1943.46  1940.79  1941.75     -1  59.435768  77.408056  74.824869
88   20230804 13:00:00 US/Eastern  1941.75  1942.22  1940.57  1941.96     -1  59.761393  78.327496  79.100992
89   20230804 14:00:00 US/Eastern  1941.96  1942.13  1939.83  1941.20     -1  57.948409  75.000000  76.911851
90   20230804 15:00:00 US/Eastern  1941.20  1942.67  1940.72  1941.37     -1  58.253489  75.744308  76.357268
91   20230804 16:00:00 US/Eastern  1941.37  1943.16  1941.14  1942.19     -1  59.769613  79.334501  76.692936
92   20230806 18:00:00 US/Eastern  1938.00  1946.68  1938.00  1943.73     -1  62.522432  86.077058  80.385289
93   20230806 19:00:00 US/Eastern  1943.73  1944.02  1942.71  1943.94     -1  62.895283  86.996497  84.136019
94   20230806 20:00:00 US/Eastern  1943.94  1945.37  1942.98  1944.44     -1  63.818257  89.185639  87.419731
95   20230806 21:00:00 US/Eastern  1944.44  1944.44  1941.21  1942.41     -1  57.558203  80.297723  85.493287
96   20230806 22:00:00 US/Eastern  1942.41  1942.90  1940.11  1940.82     -1  53.159732  73.336252  80.939872
97   20230806 23:00:00 US/Eastern  1940.82  1941.68  1938.40  1939.31     -1  49.306187  18.890075  57.508017
98   20230807 00:00:00 US/Eastern  1939.31  1939.52  1937.47  1938.84     -1  48.136532  14.875136  35.700488
99   20230807 01:00:00 US/Eastern  1938.84  1938.97  1936.18  1936.59     -1  42.890972   3.904762  12.556657
100  20230807 02:00:00 US/Eastern  1936.59  1938.13  1935.43  1937.07     -1  44.285818  14.577778  11.119225
101  20230807 03:00:00 US/Eastern  1937.07  1938.10  1935.42  1936.76     -1  43.546084  11.900533  10.127691
102  20230807 04:00:00 US/Eastern  1936.76  1936.81  1934.50  1936.20     -1  42.175571  13.957307  13.478539
103  20230807 05:00:00 US/Eastern  1936.20  1937.61  1934.28  1934.30     -1  37.825748   0.161290   8.673043
104  20230807 06:00:00 US/Eastern  1934.30  1935.61  1933.35  1935.25     -1  41.096920  14.253563   9.457387
105  20230807 07:00:00 US/Eastern  1935.25  1936.39  1933.78  1936.22     -1  44.318273  21.530383  11.981745
106  20230807 08:00:00 US/Eastern  1936.22  1938.25  1933.58  1938.06     -1  49.913894  39.184692  24.989546
107  20230807 09:00:00 US/Eastern  1938.06  1941.71  1933.55  1933.73     -1  39.782254   3.161398  21.292157
108  20230807 10:00:00 US/Eastern  1933.73  1936.91  1931.46  1934.20     -1  41.177957  21.109399  21.151830
109  20230807 11:00:00 US/Eastern  1934.20  1935.42  1932.00  1932.51     -1  37.786554   9.178322  11.149706
110  20230807 12:00:00 US/Eastern  1932.51  1934.96  1932.10  1934.40     -1  43.400720  28.682927  19.656883
111  20230807 13:00:00 US/Eastern  1934.40  1936.98  1934.13  1936.03     -1  47.777635  44.585366  27.482205
112  20230807 14:00:00 US/Eastern  1936.03  1937.11  1935.64  1936.99     -1  50.219302  53.951220  42.406504
113  20230807 15:00:00 US/Eastern  1936.99  1937.62  1936.12  1936.69     -1  49.441346  51.024390  49.853659
114  20230807 16:00:00 US/Eastern  1936.69  1936.69  1935.68  1935.68     -1  46.812123  41.170732  48.715447
115  20230807 18:00:00 US/Eastern  1936.17  1937.37  1935.52  1936.00     -1  47.760004  44.292683  45.495935
116  20230807 19:00:00 US/Eastern  1936.00  1938.07  1936.00  1936.74     -1  49.979994  51.512195  45.658537
117  20230807 20:00:00 US/Eastern  1936.74  1937.36  1935.17  1935.72     -1  47.014270  41.560976  45.788618
118  20230807 21:00:00 US/Eastern  1935.72  1935.72  1931.57  1931.61     -1  37.387382   1.463415  31.512195
119  20230807 22:00:00 US/Eastern  1931.61  1935.20  1931.31  1934.94     -1  46.878431  34.903846  25.976079
120  20230807 23:00:00 US/Eastern  1934.94  1935.21  1932.92  1933.11     -1  43.019155  17.307692  17.891651
121  20230808 00:00:00 US/Eastern  1933.11  1934.65  1932.54  1934.40     -1  46.370795  45.710059  32.640533
122  20230808 01:00:00 US/Eastern  1934.40  1934.86  1932.58  1933.98     -1  45.433770  39.497041  34.171598
123  20230808 02:00:00 US/Eastern  1933.98  1934.82  1932.52  1933.13     -1  43.517210  26.923077  37.376726
124  20230808 03:00:00 US/Eastern  1933.13  1934.27  1930.36  1930.45     -1  38.065029   1.167315  22.529145
125  20230808 04:00:00 US/Eastern  1930.45  1935.14  1930.45  1935.12     -1  49.854800  61.738003  29.942798
126  20230808 05:00:00 US/Eastern  1935.12  1935.63  1932.78  1934.90     -1  49.377938  58.884565  40.596628
127  20230808 06:00:00 US/Eastern  1934.90  1935.39  1930.40  1930.72     -1  41.295741   4.669261  41.763943
128  20230808 07:00:00 US/Eastern  1930.72  1933.23  1928.07  1928.84     -1  38.262311   7.700000  23.751275
129  20230808 08:00:00 US/Eastern  1928.84  1929.94  1923.80  1925.38     -1  33.399655  11.072179   7.813813
130  20230808 09:00:00 US/Eastern  1925.38  1928.91  1922.73  1926.39     -1  35.958216  25.017088  14.596423
131  20230808 10:00:00 US/Eastern  1926.39  1932.05  1925.00  1927.10     -1  37.768113  33.641263  23.243510
132  20230808 11:00:00 US/Eastern  1927.10  1928.06  1924.98  1925.82     -1  35.803606  23.953488  27.537280
133  20230808 12:00:00 US/Eastern  1925.82  1928.45  1924.64  1925.36     -1  35.097074  20.387597  25.994116
134  20230808 13:00:00 US/Eastern  1925.36  1926.40  1923.61  1925.54     -1  35.632343  21.782946  22.041344
135  20230808 14:00:00 US/Eastern  1925.54  1926.26  1924.39  1925.43     -1  35.439987  20.930233  21.033592
136  20230808 15:00:00 US/Eastern  1925.43  1926.60  1924.58  1924.80     -1  34.297995  16.046512  19.586563
137  20230808 16:00:00 US/Eastern  1924.80  1925.27  1924.30  1924.30     -1  33.378704  12.170543  16.382429
138  20230808 18:00:00 US/Eastern  1924.56  1925.52  1924.41  1925.03     -1  36.072767  17.829457  15.348837
139  20230808 19:00:00 US/Eastern  1925.03  1925.78  1924.86  1925.50     -1  37.816303  21.472868  17.157623
140  20230808 20:00:00 US/Eastern  1925.50  1926.54  1924.72  1925.02     -1  36.714976  18.088468  19.130264
141  20230808 21:00:00 US/Eastern  1925.02  1929.09  1924.30  1927.65     -1  45.995390  46.857143  28.806160
142  20230808 22:00:00 US/Eastern  1927.65  1930.68  1927.44  1929.65     -1  51.785692  74.248927  46.398179
143  20230808 23:00:00 US/Eastern  1929.65  1930.83  1928.46  1930.10     -1  53.006577  79.077253  66.727774
144  20230809 00:00:00 US/Eastern  1930.10  1931.03  1929.48  1930.27     -1  53.485765  78.909953  77.412044
145  20230809 01:00:00 US/Eastern  1930.27  1932.16  1930.09  1931.20     -1  56.121714  88.771930  82.253045
146  20230809 02:00:00 US/Eastern  1931.20  1932.34  1928.59  1930.13     -1  52.439609  74.684994  80.788959
147  20230809 03:00:00 US/Eastern  1930.13  1931.30  1929.40  1930.60     -1  53.871255  80.068729  81.175218
148  20230809 04:00:00 US/Eastern  1930.60  1930.87  1927.50  1928.00     -1  45.679585  46.019900  66.924541
149  20230809 05:00:00 US/Eastern  1928.00  1928.37  1925.87  1926.18     -1  40.981838  23.383085  49.823905
150  20230809 06:00:00 US/Eastern  1926.18  1926.55  1924.61  1925.22     -1  38.719874  11.442786  26.948590
151  20230809 07:00:00 US/Eastern  1925.22  1926.21  1923.25  1924.51     -1  37.089392  13.861386  16.229086
152  20230809 08:00:00 US/Eastern  1924.51  1926.35  1922.09  1924.80     -1  38.233480  26.439024  17.247732
153  20230809 09:00:00 US/Eastern  1924.80  1925.92  1921.56  1922.79     -1  33.663840  11.410019  17.236810
154  20230809 10:00:00 US/Eastern  1922.79  1927.59  1916.00  1917.40     -1  25.025973   8.567931  15.472325
155  20230809 11:00:00 US/Eastern  1917.40  1918.63  1915.55  1916.71     -1  24.170943   6.908874   8.962275
156  20230809 12:00:00 US/Eastern  1916.71  1918.16  1915.74  1916.30     -1  23.653800   4.466945   6.647917
157  20230809 13:00:00 US/Eastern  1916.30  1917.99  1916.00  1916.38     -1  23.995501   4.943419   5.439746
158  20230809 14:00:00 US/Eastern  1916.38  1916.48  1915.44  1916.16     -1  23.681604   4.260355   4.556906
159  20230809 15:00:00 US/Eastern  1916.16  1916.91  1915.47  1915.51     -1  22.735291   0.414201   3.205992
160  20230809 16:00:00 US/Eastern  1915.51  1915.69  1914.20  1914.20     -1  20.920841   0.000000   1.558185
161  20230809 18:00:00 US/Eastern  1914.81  1916.48  1914.48  1916.33     -1  30.616822  12.777445   4.397215
162  20230809 19:00:00 US/Eastern  1916.33  1916.94  1916.29  1916.69     -1  32.131450  17.572336  10.116593
163  20230809 20:00:00 US/Eastern  1916.69  1917.44  1915.61  1916.97     -1  33.350134  20.687080  17.012287
164  20230809 21:00:00 US/Eastern  1916.97  1919.00  1915.28  1918.02     -1  37.856576  28.528753  22.262723
165  20230809 22:00:00 US/Eastern  1918.02  1919.13  1917.11  1917.11     -1  35.609406  21.732636  23.649490
166  20230809 23:00:00 US/Eastern  1917.11  1919.05  1916.98  1918.69     -1  42.042297  33.532487  27.931292
167  20230810 00:00:00 US/Eastern  1918.69  1918.81  1916.29  1916.75     -1  37.136455  19.044063  24.769729
168  20230810 01:00:00 US/Eastern  1916.75  1919.13  1915.77  1918.50     -1  43.536935  87.221095  46.599215
169  20230810 02:00:00 US/Eastern  1918.50  1919.05  1915.54  1918.03     -1  42.291527  77.687627  61.317595
170  20230810 03:00:00 US/Eastern  1918.03  1920.63  1917.31  1919.31     -1  46.758381  79.471229  81.459984
171  20230810 04:00:00 US/Eastern  1919.31  1921.24  1918.58  1919.37     -1  46.965608  73.437500  76.865452
172  20230810 05:00:00 US/Eastern  1919.37  1921.57  1919.11  1920.90     -1  52.086837  90.909091  81.272607
173  20230810 06:00:00 US/Eastern  1920.90  1922.42  1919.84  1921.75     -1  54.703759  91.849148  85.398580
174  20230810 07:00:00 US/Eastern  1921.75  1922.75  1920.83  1921.86     -1  55.045946  89.238210  90.665483
175  20230810 08:00:00 US/Eastern  1921.86  1930.11  1921.18  1926.19     -1  65.950195  73.567094  84.884818
176  20230810 09:00:00 US/Eastern  1926.19  1927.20  1918.77  1922.78     -1  54.697737  50.573163  71.126156
177  20230810 10:00:00 US/Eastern  1922.78  1922.90  1913.43  1915.00     -1  38.540723   9.412470  44.517575
178  20230810 11:00:00 US/Eastern  1915.00  1920.34  1913.00  1919.98     -1  48.938087  40.794857  33.593496
179  20230810 12:00:00 US/Eastern  1919.98  1921.73  1919.53  1920.60     -1  50.070590  44.418469  31.541932
180  20230810 13:00:00 US/Eastern  1920.60  1920.96  1913.43  1913.65     -1  39.495816   3.798948  29.670758
181  20230810 14:00:00 US/Eastern  1913.65  1915.06  1913.00  1914.95     -1  41.964827  11.396844  19.871420
182  20230810 15:00:00 US/Eastern  1914.95  1915.13  1913.05  1913.44     -1  39.926754   2.571596   5.922462
183  20230810 16:00:00 US/Eastern  1913.44  1913.68  1912.00  1912.00     -1  38.029917   0.000000   4.656147
184  20230810 18:00:00 US/Eastern  1912.27  1913.44  1911.69  1912.58     -1  39.281154   4.831705   2.467767
185  20230810 19:00:00 US/Eastern  1912.58  1912.74  1910.79  1912.39     -1  39.003330   8.281573   4.371093
186  20230810 20:00:00 US/Eastern  1912.39  1915.12  1911.92  1914.70     -1  44.173107  20.238095  11.117124
187  20230810 21:00:00 US/Eastern  1914.70  1915.62  1914.29  1915.51     -1  45.904457  24.430642  17.650104
188  20230810 22:00:00 US/Eastern  1915.51  1915.98  1914.17  1914.73     -1  44.474105  20.393375  21.687371
189  20230810 23:00:00 US/Eastern  1914.73  1915.64  1913.10  1914.61     -1  44.245687  23.278489  22.700835
190  20230811 00:00:00 US/Eastern  1914.61  1914.76  1912.61  1913.47     -1  42.036860  22.130471  21.934111
191  20230811 01:00:00 US/Eastern  1913.47  1915.94  1912.72  1915.68     -1  47.507751  44.698355  30.035771
192  20230811 02:00:00 US/Eastern  1915.68  1917.61  1915.33  1916.34     -1  49.054252  50.731261  39.186696
193  20230811 03:00:00 US/Eastern  1916.34  1918.05  1915.79  1917.91     -1  52.629481  70.009833  55.146483
194  20230811 04:00:00 US/Eastern  1917.91  1919.40  1916.07  1918.99     -1  54.970483  95.238095  71.993063
195  20230811 05:00:00 US/Eastern  1918.99  1919.84  1917.04  1917.96     -1  52.315148  79.226519  81.491482
196  20230811 06:00:00 US/Eastern  1917.96  1918.38  1917.12  1917.94     -1  52.262357  79.005525  84.490046
197  20230811 07:00:00 US/Eastern  1917.94  1919.12  1917.40  1919.03     -1  54.931566  91.049724  83.093923
198  20230811 08:00:00 US/Eastern  1919.03  1920.89  1913.20  1916.00     -1  47.055137  51.584158  73.879802
199  20230811 09:00:00 US/Eastern  1916.00  1917.74  1912.87  1916.05     -1  47.189704  46.042363  62.892082
200  20230811 10:00:00 US/Eastern  1916.05  1920.77  1915.38  1918.61     -1  53.680955  72.463768  56.696763
201  20230811 11:00:00 US/Eastern  1918.61  1919.57  1913.00  1914.04     -1  43.420520  17.270531  45.258888
202  20230811 12:00:00 US/Eastern  1914.04  1915.23  1913.52  1914.32     -1  44.125194  20.652174  36.795491
203  20230811 13:00:00 US/Eastern  1914.32  1915.48  1913.03  1913.17     -1  41.821357   6.763285  14.895330
204  20230811 14:00:00 US/Eastern  1913.17  1913.85  1912.43  1913.39     -1  42.440501  11.347518  12.920992
205  20230811 15:00:00 US/Eastern  1913.39  1913.75  1912.17  1913.57     -1  42.975221  16.055046  11.388616
206  20230811 16:00:00 US/Eastern  1913.57  1913.93  1912.87  1913.08     -1  41.835848  10.435780  12.612781
207  20230813 18:00:00 US/Eastern  1913.22  1915.14  1913.00  1913.67     -1  43.768992  17.201835  14.564220
208  20230813 19:00:00 US/Eastern  1913.67  1914.39  1912.34  1913.69     -1  43.837135  17.431193  15.022936
209  20230813 20:00:00 US/Eastern  1913.69  1913.78  1910.66  1911.05     -1  37.395160   3.812317  12.815115
210  20230813 21:00:00 US/Eastern  1911.05  1912.89  1910.19  1911.57     -1  39.287669  12.897196  11.380235
211  20230813 22:00:00 US/Eastern  1911.57  1912.72  1910.55  1911.94     -1  40.662169  16.355140  11.021551
212  20230813 23:00:00 US/Eastern  1911.94  1913.60  1911.54  1912.74     -1  43.633570  24.102079  17.784805
213  20230814 00:00:00 US/Eastern  1912.74  1913.15  1911.77  1912.40     -1  42.655922  20.888469  20.448563
214  20230814 01:00:00 US/Eastern  1912.40  1914.64  1911.92  1912.95     -1  44.810139  29.424307  24.804952
215  20230814 02:00:00 US/Eastern  1912.95  1914.07  1911.51  1912.11     -1  42.202540  36.294896  28.869224
216  20230814 03:00:00 US/Eastern  1912.11  1915.92  1910.56  1914.47     -1  50.855367  74.694590  46.804598
217  20230814 04:00:00 US/Eastern  1914.47  1916.23  1913.89  1914.24     -1  50.068656  67.052980  59.347489
218  20230814 05:00:00 US/Eastern  1914.24  1914.46  1912.18  1913.92     -1  48.934428  61.754967  67.834179
219  20230814 06:00:00 US/Eastern  1913.92  1914.97  1913.16  1914.36     -1  50.591803  69.039735  65.949227
220  20230814 07:00:00 US/Eastern  1914.36  1914.97  1913.34  1913.99     -1  49.147275  62.913907  64.569536
221  20230814 08:00:00 US/Eastern  1913.99  1914.03  1906.00  1910.34     -1  37.708882  42.424242  58.125962
222  20230814 09:00:00 US/Eastern  1910.34  1910.93  1902.62  1904.22     -1  26.550856  11.756062  39.031404
223  20230814 10:00:00 US/Eastern  1904.22  1911.56  1903.22  1908.50     -1  39.936301  43.203527  32.461277
224  20230814 11:00:00 US/Eastern  1908.50  1911.30  1908.22  1910.63     -1  45.280792  58.853784  37.937791
225  20230814 12:00:00 US/Eastern  1910.63  1913.23  1910.56  1911.91     -1  48.260227  68.258633  56.771981
226  20230814 13:00:00 US/Eastern  1911.91  1913.11  1910.19  1910.26     -1  44.868693  56.135195  61.082537
227  20230814 14:00:00 US/Eastern  1910.26  1910.56  1907.75  1908.07     -1  40.773027  40.044085  54.812638
228  20230814 15:00:00 US/Eastern  1908.07  1908.34  1907.23  1907.60     -1  39.930613  36.590742  44.256674
229  20230814 16:00:00 US/Eastern  1907.60  1907.89  1907.09  1907.09     -1  38.989255  32.843497  36.492775
230  20230814 18:00:00 US/Eastern  1907.29  1907.77  1906.78  1907.58     -1  40.442032  36.443791  35.292677
231  20230814 19:00:00 US/Eastern  1907.58  1908.14  1904.99  1907.61     -1  40.535393  40.404858  36.564049
232  20230814 20:00:00 US/Eastern  1907.61  1907.71  1904.91  1907.16     -1  39.534307  36.761134  37.869928
233  20230814 21:00:00 US/Eastern  1907.16  1908.25  1904.00  1906.11     -1  37.224241  28.259109  35.141700
234  20230814 22:00:00 US/Eastern  1906.11  1906.88  1904.67  1906.07     -1  37.135220  30.236635  31.752292
235  20230814 23:00:00 US/Eastern  1906.07  1907.65  1905.53  1907.17     -1  41.293103  42.884072  33.793272
236  20230815 00:00:00 US/Eastern  1907.17  1907.34  1906.47  1906.58     -1  39.773592  33.566434  35.562380
237  20230815 01:00:00 US/Eastern  1906.58  1907.51  1904.13  1905.11     -1  36.199403  12.026002  29.492169
238  20230815 02:00:00 US/Eastern  1905.11  1907.11  1904.00  1905.03     -1  36.009750  11.159263  18.917233
239  20230815 03:00:00 US/Eastern  1905.03  1905.52  1903.50  1904.97     -1  35.858013  15.296566  12.827277
240  20230815 04:00:00 US/Eastern  1904.97  1905.12  1903.20  1904.20     -1  33.884689  13.586957  13.347595
241  20230815 05:00:00 US/Eastern  1904.20  1905.00  1902.92  1904.44     -1  35.083830  28.044280  18.975934
242  20230815 06:00:00 US/Eastern  1904.44  1904.90  1902.70  1903.93     -1  33.685670  22.162162  21.264466
243  20230815 07:00:00 US/Eastern  1903.93  1904.30  1901.98  1904.24     -1  35.371638  36.044657  28.750367
244  20230815 08:00:00 US/Eastern  1904.24  1905.87  1896.50  1903.41     -1  32.955763  58.808511  39.005110
245  20230815 09:00:00 US/Eastern  1903.41  1907.47  1900.10  1903.76     -1  34.972688  61.787234  52.213467
246  20230815 10:00:00 US/Eastern  1903.76  1911.60  1902.62  1909.97     -1  58.708261  89.205298  69.933681
247  20230815 11:00:00 US/Eastern  1909.97  1911.09  1906.43  1906.89     -1  49.129856  68.807947  73.266826
248  20230815 12:00:00 US/Eastern  1906.89  1907.40  1903.50  1903.61     -1  41.386030  47.086093  68.366446
249  20230815 13:00:00 US/Eastern  1903.61  1905.58  1903.26  1904.33     -1  43.491585  51.854305  55.916115
250  20230815 14:00:00 US/Eastern  1904.33  1905.32  1902.48  1902.62     -1  39.831892  40.529801  46.490066
251  20230815 15:00:00 US/Eastern  1902.62  1903.84  1902.44  1902.64     -1  39.895596  40.662252  44.348786
252  20230815 16:00:00 US/Eastern  1902.64  1903.58  1901.00  1901.00     -1  36.484421  29.801325  36.997792
253  20230815 18:00:00 US/Eastern  1901.18  1902.69  1901.13  1901.39     -1  37.845419  32.384106  34.282561
254  20230815 19:00:00 US/Eastern  1901.39  1902.21  1900.40  1901.60     -1  38.608248  33.774834  31.986755
255  20230815 20:00:00 US/Eastern  1901.60  1902.49  1900.98  1902.23     -1  40.949681  37.947020  34.701987
256  20230815 21:00:00 US/Eastern  1902.23  1904.14  1900.50  1902.75     -1  42.885934  41.390728  37.704194
257  20230815 22:00:00 US/Eastern  1902.75  1904.66  1902.46  1903.79     -1  46.653498  48.278146  42.538631
258  20230815 23:00:00 US/Eastern  1903.79  1905.29  1903.67  1904.09     -1  47.724737  34.695652  41.454842
259  20230816 00:00:00 US/Eastern  1904.09  1904.59  1902.81  1903.96     -1  47.281659  31.785714  38.253171
260  20230816 01:00:00 US/Eastern  1903.96  1905.40  1903.38  1905.06     -1  51.393749  43.592142  36.691170
261  20230816 02:00:00 US/Eastern  1905.06  1906.56  1904.61  1905.49     -1  52.939080  72.714286  49.364047
262  20230816 03:00:00 US/Eastern  1905.49  1905.69  1903.00  1904.58     -1  49.362375  67.857143  61.387857
263  20230816 04:00:00 US/Eastern  1904.58  1905.74  1903.46  1905.38     -1  52.406666  80.844156  73.805195
264  20230816 05:00:00 US/Eastern  1905.38  1907.18  1905.24  1906.05     -1  54.854579  83.333333  77.344877
265  20230816 06:00:00 US/Eastern  1906.05  1906.80  1905.70  1906.10     -1  55.040425  84.070796  82.749429
266  20230816 07:00:00 US/Eastern  1906.10  1906.67  1903.20  1903.20     -1  43.782640  41.297935  69.567355
267  20230816 08:00:00 US/Eastern  1903.20  1904.21  1899.98  1900.76     -1  36.937063  10.833333  45.400688
268  20230816 09:00:00 US/Eastern  1900.76  1906.47  1899.09  1904.21     -1  49.063905  63.288010  38.473093
269  20230816 10:00:00 US/Eastern  1904.21  1906.01  1903.19  1904.66     -1  50.403587  68.850433  47.657259
270  20230816 11:00:00 US/Eastern  1904.66  1904.84  1901.32  1901.91     -1  42.966380  34.857849  55.665431
271  20230816 12:00:00 US/Eastern  1901.91  1902.50  1898.82  1899.43     -1  37.580956   7.296651  37.001644
272  20230816 13:00:00 US/Eastern  1899.43  1899.52  1896.89  1898.42     -1  35.622688  14.868805  19.007768
273  20230816 14:00:00 US/Eastern  1898.42  1899.68  1894.71  1894.98     -1  29.906663   2.165196   8.110217
274  20230816 15:00:00 US/Eastern  1894.98  1895.45  1891.78  1892.15     -1  26.184283   2.402597   6.478866
275  20230816 16:00:00 US/Eastern  1892.15  1893.69  1891.55  1891.55     -1  25.460725   0.000000   1.522598
276  20230816 18:00:00 US/Eastern  1891.89  1894.97  1891.44  1894.34     -1  34.521562  18.424396   6.942331
277  20230816 19:00:00 US/Eastern  1894.34  1894.36  1892.16  1893.26     -1  32.856580  11.562897   9.995765
278  20230816 20:00:00 US/Eastern  1893.26  1893.35  1891.01  1892.73     -1  32.039908  10.892970  13.626755
279  20230816 21:00:00 US/Eastern  1892.73  1892.97  1889.60  1892.68     -1  31.959203  18.043351  13.499739
280  20230816 22:00:00 US/Eastern  1892.68  1893.86  1892.20  1893.71     -1  35.560136  24.362774  17.766365
281  20230816 23:00:00 US/Eastern  1893.71  1893.88  1892.39  1892.77     -1  33.801958  18.790753  20.398959
282  20230817 00:00:00 US/Eastern  1892.77  1893.95  1892.26  1893.79     -1  37.417783  25.533211  22.895579
283  20230817 01:00:00 US/Eastern  1893.79  1893.93  1892.10  1893.43     -1  36.656751  25.131234  23.151733
284  20230817 02:00:00 US/Eastern  1893.43  1897.34  1892.66  1897.33     -1  48.804678  59.922481  36.862309
285  20230817 03:00:00 US/Eastern  1897.33  1897.58  1895.35  1896.43     -1  46.584412  67.757937  50.937217
286  20230817 04:00:00 US/Eastern  1896.43  1896.45  1893.97  1893.97     -1  41.082901  43.353175  57.011197
287  20230817 05:00:00 US/Eastern  1893.97  1895.33  1893.65  1895.28     -1  44.820075  71.177945  60.763019
288  20230817 06:00:00 US/Eastern  1895.28  1899.27  1895.23  1897.91     -1  51.474913  85.935884  66.822335
289  20230817 07:00:00 US/Eastern  1897.91  1899.50  1896.93  1898.83     -1  53.583750  93.232323  83.448717
290  20230817 08:00:00 US/Eastern  1898.83  1902.49  1896.20  1899.46     -1  55.025149  76.493406  85.220538
291  20230817 09:00:00 US/Eastern  1899.46  1903.41  1895.74  1895.96     -1  46.403726  46.053584  71.926438
292  20230817 10:00:00 US/Eastern  1895.96  1897.65  1893.77  1895.39     -1  45.162677  41.926140  54.824377
293  20230817 11:00:00 US/Eastern  1895.39  1896.38  1889.13  1889.47     -1  34.763645   2.380952  30.120226
294  20230817 12:00:00 US/Eastern  1889.47  1891.23  1887.82  1888.35     -1  33.205855   3.399615  15.902236
295  20230817 13:00:00 US/Eastern  1888.35  1888.48  1885.03  1886.13     -1  30.306880   5.984766   3.921778
296  20230817 14:00:00 US/Eastern  1886.13  1886.98  1885.10  1886.57     -1  31.581809   8.378672   5.921018
297  20230817 15:00:00 US/Eastern  1886.57  1890.21  1886.56  1889.08     -1  38.494047  22.034820  12.132753
298  20230817 16:00:00 US/Eastern  1889.08  1889.46  1888.29  1888.59     -1  37.693439  19.368879  16.594124
299  20230817 18:00:00 US/Eastern  1889.43  1890.15  1888.74  1889.87     -1  41.137446  26.332971  22.578890
300  20230817 19:00:00 US/Eastern  1889.87  1891.58  1889.19  1891.33     -1  44.879992  34.276387  26.659412
301  20230817 20:00:00 US/Eastern  1891.33  1893.90  1890.69  1893.31     -1  49.563487  45.048966  35.219441
302  20230817 21:00:00 US/Eastern  1893.31  1895.13  1892.45  1893.59     -1  50.207804  46.572361  41.965905
303  20230817 22:00:00 US/Eastern  1893.59  1894.87  1892.81  1893.21     -1  49.287562  44.504897  45.375408
304  20230817 23:00:00 US/Eastern  1893.21  1893.62  1891.66  1892.71     -1  48.039880  41.784548  44.287269
305  20230818 00:00:00 US/Eastern  1892.71  1893.35  1891.14  1892.18     -1  46.690647  56.656101  47.648515
306  20230818 01:00:00 US/Eastern  1892.18  1894.09  1891.64  1893.64     -1  50.790739  75.859031  58.099894
307  20230818 02:00:00 US/Eastern  1893.64  1893.88  1891.77  1892.14     -1  46.807564  70.396040  67.637057
308  20230818 03:00:00 US/Eastern  1892.14  1893.91  1891.93  1892.60     -1  48.150456  74.950495  73.735188
309  20230818 04:00:00 US/Eastern  1892.60  1893.56  1891.38  1892.00     -1  46.501401  68.793619  71.380051
310  20230818 05:00:00 US/Eastern  1892.00  1892.86  1891.35  1892.78     -1  48.949144  72.578763  72.107626
311  20230818 06:00:00 US/Eastern  1892.78  1895.55  1892.73  1894.20     -1  53.151543  81.404959  74.259114
312  20230818 07:00:00 US/Eastern  1894.20  1895.03  1893.23  1893.75     -1  51.699142  73.568282  75.850668
313  20230818 08:00:00 US/Eastern  1893.75  1894.85  1888.66  1890.23     -1  42.025351  22.786647  59.253296
314  20230818 09:00:00 US/Eastern  1890.23  1896.80  1889.41  1893.83     -1  51.931757  63.513514  53.289481
315  20230818 10:00:00 US/Eastern  1893.83  1894.86  1891.61  1893.63     -1  51.406217  61.056511  49.118891
316  20230818 11:00:00 US/Eastern  1893.63  1893.64  1890.43  1891.21     -1  45.417107  31.326781  51.965602
317  20230818 12:00:00 US/Eastern  1891.21  1891.96  1888.65  1889.55     -1  41.818056  11.042945  34.475412
318  20230818 13:00:00 US/Eastern  1889.55  1890.32  1886.75  1888.95     -1  40.566742  21.890547  21.420091
319  20230818 14:00:00 US/Eastern  1888.95  1889.36  1887.56  1888.43     -1  39.464576  16.716418  16.549970
320  20230818 15:00:00 US/Eastern  1888.43  1889.81  1887.50  1889.25     -1  42.134457  24.875622  21.160862
321  20230818 16:00:00 US/Eastern  1889.25  1889.89  1888.23  1888.74     -1  40.925483  19.800995  20.464345
322  20230820 18:00:00 US/Eastern  1889.14  1890.85  1889.14  1890.24     -1  45.847094  34.726368  26.467662
323  20230820 19:00:00 US/Eastern  1890.24  1890.24  1888.74  1889.89     -1  44.906976  31.243781  28.590381
324  20230820 20:00:00 US/Eastern  1889.89  1891.14  1889.79  1889.94     -1  45.080231  31.741294  32.570481
325  20230820 21:00:00 US/Eastern  1889.94  1890.04  1884.99  1885.47     -1  34.603394   4.064352  22.349809
326  20230820 22:00:00 US/Eastern  1885.47  1893.13  1884.83  1892.91     -1  53.834732  67.502089  34.435911
327  20230820 23:00:00 US/Eastern  1892.91  1893.68  1890.62  1891.61     -1  51.011926  56.641604  42.736015
328  20230821 00:00:00 US/Eastern  1891.61  1893.75  1891.43  1892.51     -1  52.854980  76.570289  66.904661
329  20230821 01:00:00 US/Eastern  1892.51  1894.08  1887.81  1888.10     -1  44.099798  35.351351  56.187748
330  20230821 02:00:00 US/Eastern  1888.10  1889.59  1887.33  1888.85     -1  45.745762  43.459459  51.793700
331  20230821 03:00:00 US/Eastern  1888.85  1890.42  1887.96  1888.13     -1  44.394341  35.675676  38.162162
332  20230821 04:00:00 US/Eastern  1888.13  1889.41  1887.55  1888.64     -1  45.619811  41.189189  40.108108
333  20230821 05:00:00 US/Eastern  1888.64  1890.90  1888.28  1889.48     -1  47.665618  50.270270  42.378378
334  20230821 06:00:00 US/Eastern  1889.48  1889.72  1886.76  1888.69     -1  45.916089  41.729730  44.396396
335  20230821 07:00:00 US/Eastern  1888.69  1893.10  1887.90  1893.02     -1  55.546913  88.540541  60.180180
336  20230821 08:00:00 US/Eastern  1893.02  1897.62  1892.78  1897.12     -1  62.378373  96.090696  75.453655
337  20230821 09:00:00 US/Eastern  1897.12  1898.81  1888.54  1890.03     -1  48.498462  37.195994  73.942410
338  20230821 10:00:00 US/Eastern  1890.03  1891.27  1885.30  1886.85     -1  43.791820  14.449213  49.245301
339  20230821 11:00:00 US/Eastern  1886.85  1889.78  1885.90  1889.19     -1  47.805832  31.187411  27.610873
340  20230821 12:00:00 US/Eastern  1889.19  1893.22  1889.03  1892.60     -1  53.065894  54.034049  33.223558
341  20230821 13:00:00 US/Eastern  1892.60  1895.38  1892.49  1894.39     -1  55.595645  67.283494  50.834984
342  20230821 14:00:00 US/Eastern  1894.39  1895.00  1893.87  1894.57     -1  55.853331  68.615840  63.311128
343  20230821 15:00:00 US/Eastern  1894.57  1895.21  1894.16  1894.25     -1  55.239600  66.247224  67.382186
344  20230821 16:00:00 US/Eastern  1894.25  1894.84  1894.20  1894.70     -1  55.972260  69.578090  68.147052
345  20230821 18:00:00 US/Eastern  1894.51  1895.25  1894.10  1895.04     -1  56.550943  72.094745  69.306686
346  20230821 19:00:00 US/Eastern  1895.04  1896.06  1894.55  1894.64     -1  55.624653  69.133975  70.268937
347  20230821 20:00:00 US/Eastern  1894.64  1895.77  1893.64  1895.52     -1  57.282412  75.647668  72.292129
348  20230821 21:00:00 US/Eastern  1895.52  1897.30  1894.31  1895.11     -1  56.228458  72.612879  72.464841
349  20230821 22:00:00 US/Eastern  1895.11  1897.27  1894.38  1894.40     -1  54.363093  67.357513  71.872687
350  20230821 23:00:00 US/Eastern  1894.40  1897.18  1894.20  1896.03     -1  57.822505  79.422650  73.131014
351  20230822 00:00:00 US/Eastern  1896.03  1896.36  1893.85  1894.03     -1  52.558062  72.750000  73.176721
352  20230822 01:00:00 US/Eastern  1894.03  1896.56  1893.98  1895.44     -1  55.625414  83.684211  78.618953
353  20230822 02:00:00 US/Eastern  1895.44  1900.24  1895.13  1898.89     -1  62.084902  87.957181  81.463797
354  20230822 03:00:00 US/Eastern  1898.89  1901.87  1898.09  1901.41     -1  65.980369  95.095949  88.912447
355  20230822 04:00:00 US/Eastern  1901.41  1902.26  1898.37  1900.00     -1  62.133758  73.781903  85.611677
356  20230822 05:00:00 US/Eastern  1900.00  1903.75  1899.40  1902.82     -1  66.358097  90.801187  86.559679
357  20230822 06:00:00 US/Eastern  1902.82  1904.41  1901.90  1901.98     -1  64.065409  77.437326  80.673472
358  20230822 07:00:00 US/Eastern  1901.98  1903.43  1901.50  1902.11     -1  64.271149  78.644383  82.294298
359  20230822 08:00:00 US/Eastern  1902.11  1903.50  1896.24  1897.33     -1  52.393003  34.261838  63.447849
360  20230822 09:00:00 US/Eastern  1897.33  1897.59  1889.07  1890.26     -1  40.477286   7.757497  40.221239
361  20230822 10:00:00 US/Eastern  1890.26  1895.82  1890.04  1895.15     -1  49.099912  39.634941  27.218092
362  20230822 11:00:00 US/Eastern  1895.15  1899.10  1895.08  1897.81     -1  53.081518  56.975228  34.789222
363  20230822 12:00:00 US/Eastern  1897.81  1898.93  1896.78  1897.33     -1  52.286686  53.846154  50.152108
364  20230822 13:00:00 US/Eastern  1897.33  1898.43  1896.95  1897.72     -1  52.903744  56.388527  55.736636
365  20230822 14:00:00 US/Eastern  1897.72  1897.80  1896.34  1897.16     -1  51.866499  52.737940  54.324207
366  20230822 15:00:00 US/Eastern  1897.16  1897.69  1896.83  1897.60     -1  52.651999  55.606258  54.910908
367  20230822 16:00:00 US/Eastern  1897.60  1897.80  1896.01  1896.01     -1  49.507857  45.241199  51.195133
368  20230822 18:00:00 US/Eastern  1897.43  1898.21  1896.97  1897.93     -1  53.146334  57.757497  52.868318
369  20230822 19:00:00 US/Eastern  1897.93  1898.63  1897.75  1898.46     -1  54.128972  61.212516  54.737071
370  20230822 20:00:00 US/Eastern  1898.46  1900.37  1898.32  1899.00     -1  55.160807  64.732725  61.234246
371  20230822 21:00:00 US/Eastern  1899.00  1901.84  1898.79  1901.63     -1  59.892769  87.040887  70.995376
372  20230822 22:00:00 US/Eastern  1901.63  1903.09  1900.78  1901.01     -1  58.329995  82.744283  78.172632
373  20230822 23:00:00 US/Eastern  1901.01  1902.05  1900.12  1901.56     -1  59.343458  89.087019  86.290729
374  20230823 00:00:00 US/Eastern  1901.56  1903.34  1900.71  1903.24     -1  62.355217  99.248120  90.359807
375  20230823 01:00:00 US/Eastern  1903.24  1903.98  1902.39  1902.59     -1  60.488196  84.382022  90.905720
376  20230823 02:00:00 US/Eastern  1902.59  1904.69  1902.22  1902.87     -1  61.029501  79.032258  87.554134
377  20230823 03:00:00 US/Eastern  1902.87  1904.39  1901.72  1903.61     -1  62.492005  87.557604  83.657295
378  20230823 04:00:00 US/Eastern  1903.61  1905.43  1903.50  1903.78     -1  62.837048  82.484076  83.024646
379  20230823 05:00:00 US/Eastern  1903.78  1905.14  1902.00  1902.68     -1  59.051664  70.806794  80.282825
380  20230823 06:00:00 US/Eastern  1902.68  1904.11  1901.27  1903.25     -1  60.383459  76.857749  76.716207
381  20230823 07:00:00 US/Eastern  1903.25  1904.63  1902.80  1903.29     -1  60.480596  74.704492  74.123012
382  20230823 08:00:00 US/Eastern  1903.29  1908.56  1902.65  1903.70     -1  61.522015  55.041628  68.867956
383  20230823 09:00:00 US/Eastern  1903.70  1918.88  1902.84  1917.92     -1  80.608530  95.330739  75.025620
384  20230823 10:00:00 US/Eastern  1917.92  1918.32  1914.45  1915.65     -1  74.274703  83.922349  78.098239
385  20230823 11:00:00 US/Eastern  1915.65  1918.33  1915.49  1918.33     -1  76.611305  97.068230  92.107106
386  20230823 12:00:00 US/Eastern  1918.33  1920.36  1918.21  1919.77     -1  77.779181  97.084980  92.691853
387  20230823 13:00:00 US/Eastern  1919.77  1919.86  1917.48  1918.10     -1  73.213351  88.498728  94.217313
388  20230823 14:00:00 US/Eastern  1918.10  1918.18  1916.27  1916.63     -1  69.354007  80.460974  88.681561
389  20230823 15:00:00 US/Eastern  1916.63  1917.57  1916.47  1916.83     -1  69.588890  81.508643  83.489448
390  20230823 16:00:00 US/Eastern  1916.83  1917.01  1914.49  1915.62     -1  66.279134  75.170246  79.046621
391  20230823 18:00:00 US/Eastern  1916.24  1917.80  1913.00  1917.05     -1  68.203847  82.661079  79.779990
392  20230823 19:00:00 US/Eastern  1917.05  1918.05  1916.19  1917.86     -1  69.273670  86.904138  81.578488
393  20230823 20:00:00 US/Eastern  1917.86  1919.31  1917.28  1918.61     -1  70.271087  90.832897  86.799371
394  20230823 21:00:00 US/Eastern  1918.61  1919.07  1917.55  1918.76     -1  70.477499  90.965556  89.567530
395  20230823 22:00:00 US/Eastern  1918.76  1920.87  1918.73  1919.82     -1  71.959149  94.237102  92.011852
396  20230823 23:00:00 US/Eastern  1919.82  1921.63  1919.36  1920.88     -1  73.396981  96.008515  93.737058
397  20230824 00:00:00 US/Eastern  1920.88  1922.32  1919.99  1921.11     -1  73.711960  87.017167  92.420928
398  20230824 01:00:00 US/Eastern  1921.11  1922.37  1920.25  1921.61     -1  74.420985  91.889007  91.638230
399  20230824 02:00:00 US/Eastern  1921.61  1922.90  1920.69  1921.58     -1  74.291512  86.666667  88.524281
400  20230824 03:00:00 US/Eastern  1921.58  1922.24  1919.60  1919.60     -1  66.115946  66.666667  81.740780
401  20230824 04:00:00 US/Eastern  1919.60  1921.97  1919.60  1920.36     -1  67.590251  74.343434  75.892256
402  20230824 05:00:00 US/Eastern  1920.36  1921.06  1919.34  1919.62     -1  64.641057  66.868687  69.292929
403  20230824 06:00:00 US/Eastern  1919.62  1920.76  1918.77  1919.32     -1  63.432669  63.838384  68.350168
404  20230824 07:00:00 US/Eastern  1919.32  1919.70  1916.42  1916.61     -1  53.672021  36.464646  55.723906
405  20230824 08:00:00 US/Eastern  1916.61  1916.68  1911.76  1915.12     -1  49.190281  30.161580  43.488203
406  20230824 09:00:00 US/Eastern  1915.12  1916.76  1911.91  1916.13     -1  52.109507  39.228007  35.284745
407  20230824 10:00:00 US/Eastern  1916.13  1923.31  1916.05  1921.35     -1  63.713347  83.030303  50.806630
408  20230824 11:00:00 US/Eastern  1921.35  1922.27  1919.99  1921.03     -1  62.710222  80.259740  67.506017
409  20230824 12:00:00 US/Eastern  1921.03  1921.41  1917.34  1918.29     -1  54.760097  56.536797  73.275613
410  20230824 13:00:00 US/Eastern  1918.29  1919.61  1916.77  1917.13     -1  51.767912  46.493506  61.096681
411  20230824 14:00:00 US/Eastern  1917.13  1918.03  1916.64  1916.82     -1  50.966425  43.809524  48.946609
412  20230824 15:00:00 US/Eastern  1916.82  1918.09  1916.74  1916.76     -1  50.802481  43.290043  44.531025
413  20230824 16:00:00 US/Eastern  1916.76  1917.51  1916.23  1916.25     -1  49.349378  38.874459  41.991342
414  20230824 18:00:00 US/Eastern  1916.75  1917.27  1916.48  1916.93     -1  51.347580  44.761905  42.308802
415  20230824 19:00:00 US/Eastern  1916.93  1916.93  1915.66  1915.88     -1  48.186435  35.670996  39.769120
416  20230824 20:00:00 US/Eastern  1915.88  1916.58  1915.15  1915.45     -1  46.912701  31.948052  37.460317
417  20230824 21:00:00 US/Eastern  1915.45  1917.55  1914.65  1917.00     -1  51.853184  45.367965  37.662338
418  20230824 22:00:00 US/Eastern  1917.00  1917.17  1914.33  1914.84     -1  45.498646  26.666667  34.660895
419  20230824 23:00:00 US/Eastern  1914.84  1915.03  1913.15  1913.45     -1  41.936993  13.508772  28.514468
420  20230825 00:00:00 US/Eastern  1913.45  1914.93  1913.30  1913.68     -1  42.735786   5.216535  15.130658
421  20230825 01:00:00 US/Eastern  1913.68  1914.72  1913.04  1914.47     -1  45.508756  15.492958  11.406088
422  20230825 02:00:00 US/Eastern  1914.47  1915.09  1912.81  1913.07     -1  41.658812   3.023256   7.910916
423  20230825 03:00:00 US/Eastern  1913.07  1916.16  1913.07  1914.10     -1  45.323635  18.970588  12.495601
424  20230825 04:00:00 US/Eastern  1914.10  1915.45  1913.20  1915.41     -1  49.655258  49.242424  23.745423
425  20230825 05:00:00 US/Eastern  1915.41  1917.93  1915.19  1916.09     -1  51.790306  62.121212  43.444742
426  20230825 06:00:00 US/Eastern  1916.09  1917.79  1915.70  1917.70     -1  56.494638  95.507812  68.957150
427  20230825 07:00:00 US/Eastern  1917.70  1918.42  1916.18  1918.30     -1  58.134219  97.860963  85.163329
428  20230825 08:00:00 US/Eastern  1918.30  1920.28  1916.44  1917.17     -1  54.006166  58.366801  83.911859
429  20230825 09:00:00 US/Eastern  1917.17  1917.66  1913.38  1915.33     -1  48.025991  33.734940  63.320901
430  20230825 10:00:00 US/Eastern  1915.33  1922.39  1903.78  1904.55     -1  28.273130   4.137560  32.079767
431  20230825 11:00:00 US/Eastern  1904.55  1910.67  1904.00  1907.79     -1  36.700035  21.547555  19.806685
432  20230825 12:00:00 US/Eastern  1907.79  1910.59  1907.58  1909.98     -1  41.686990  33.315422  19.666846
433  20230825 13:00:00 US/Eastern  1909.98  1912.71  1909.91  1912.34     -1  46.571876  45.996776  33.619918
434  20230825 14:00:00 US/Eastern  1912.34  1914.72  1911.95  1913.41     -1  48.671326  51.746373  43.686190
435  20230825 15:00:00 US/Eastern  1913.41  1914.37  1912.15  1914.29     -1  50.397647  56.475013  51.406054
436  20230825 16:00:00 US/Eastern  1914.29  1914.88  1913.26  1913.92     -1  49.641665  54.486835  54.236074
437  20230827 18:00:00 US/Eastern  1904.20  1916.02  1904.20  1914.90     -1  51.707930  59.752821  56.904890
438  20230827 19:00:00 US/Eastern  1914.90  1916.08  1914.50  1915.03     -1  51.989349  60.451370  58.230342
439  20230827 20:00:00 US/Eastern  1915.03  1916.64  1914.53  1915.77     -1  53.645292  64.427727  61.543973
440  20230827 21:00:00 US/Eastern  1915.77  1917.38  1915.22  1915.53     -1  53.006730  63.138098  62.672398
441  20230827 22:00:00 US/Eastern  1915.53  1916.21  1915.11  1915.48     -1  52.865546  62.869425  63.478417
442  20230827 23:00:00 US/Eastern  1915.48  1916.98  1915.28  1916.22     -1  54.785032  66.845782  64.284435
443  20230828 00:00:00 US/Eastern  1916.22  1916.77  1914.73  1915.61     -1  52.873560  63.567974  64.427727
444  20230828 01:00:00 US/Eastern  1915.61  1917.57  1915.20  1915.61     -1  52.873560  85.556374  71.990043
445  20230828 02:00:00 US/Eastern  1915.61  1917.72  1915.61  1915.95     -1  53.913009  86.908284  78.677544
446  20230828 03:00:00 US/Eastern  1915.95  1916.40  1914.27  1914.48     -1  48.891914  76.035503  82.833387
447  20230828 04:00:00 US/Eastern  1914.48  1915.40  1913.49  1914.62     -1  49.375486  77.071006  80.004931
448  20230828 05:00:00 US/Eastern  1914.62  1915.68  1913.91  1914.06     -1  47.441837  72.928994  75.345168
449  20230828 06:00:00 US/Eastern  1914.06  1915.20  1913.75  1915.20     -1  51.597458  81.360947  77.120316
450  20230828 07:00:00 US/Eastern  1915.20  1915.45  1914.40  1914.81     -1  50.136969  78.476331  77.588757
451  20230828 08:00:00 US/Eastern  1914.81  1917.35  1913.48  1917.10     -1  57.706946  85.377358  81.738212
452  20230828 09:00:00 US/Eastern  1917.10  1918.83  1912.75  1918.15     -1  60.656317  88.815789  84.223160
453  20230828 10:00:00 US/Eastern  1918.15  1919.88  1917.26  1918.66     -1  62.040970  82.889201  85.694116
454  20230828 11:00:00 US/Eastern  1918.66  1926.06  1918.09  1924.73     -1  73.841136  90.007513  87.237501
455  20230828 12:00:00 US/Eastern  1924.73  1925.27  1920.20  1920.62     -1  60.195985  59.128475  77.341730
456  20230828 13:00:00 US/Eastern  1920.62  1920.72  1917.00  1920.24     -1  59.108419  56.273479  68.469822
457  20230828 14:00:00 US/Eastern  1920.24  1920.49  1919.39  1919.53     -1  57.034990  50.939144  55.447032
458  20230828 15:00:00 US/Eastern  1919.53  1920.66  1919.39  1919.65     -1  57.307573  51.840721  53.017781
459  20230828 16:00:00 US/Eastern  1919.65  1920.34  1919.42  1919.42     -1  56.566815  50.112697  50.964187
460  20230828 18:00:00 US/Eastern  1910.37  1920.93  1910.37  1920.81     -1  59.937183  66.539197  56.164205
461  20230828 19:00:00 US/Eastern  1920.81  1921.69  1920.74  1921.24     -1  60.946787  69.279796  61.977230
462  20230828 20:00:00 US/Eastern  1921.24  1922.08  1921.02  1921.64     -1  61.908431  71.829191  69.216061
463  20230828 21:00:00 US/Eastern  1921.64  1923.07  1921.31  1922.06     -1  62.940320  74.506055  71.871680
464  20230828 22:00:00 US/Eastern  1922.06  1923.96  1921.42  1923.92     -1  67.180503  86.360739  77.565328
465  20230828 23:00:00 US/Eastern  1923.92  1925.86  1923.58  1925.37     -1  70.056723  95.602294  85.489696
466  20230829 00:00:00 US/Eastern  1925.37  1925.53  1923.87  1923.88     -1  63.863122  86.105800  89.356278
467  20230829 01:00:00 US/Eastern  1923.88  1925.62  1923.28  1924.44     -1  65.111545  89.674952  90.461016
468  20230829 02:00:00 US/Eastern  1924.44  1925.29  1922.84  1922.84     -1  58.855307  80.503551  85.428101
469  20230829 03:00:00 US/Eastern  1922.84  1924.91  1921.64  1923.24     -1  59.892840  83.085862  84.421455
470  20230829 04:00:00 US/Eastern  1923.24  1924.24  1922.29  1922.83     -1  58.270851  80.438993  81.342802
471  20230829 05:00:00 US/Eastern  1922.83  1924.48  1922.55  1924.34     -1  62.318299  90.187218  84.570691
472  20230829 06:00:00 US/Eastern  1924.34  1924.38  1920.20  1920.34     -1  48.812007  64.364106  78.330105
473  20230829 07:00:00 US/Eastern  1920.34  1920.46  1916.73  1917.18     -1  41.212856  43.963848  66.171724
474  20230829 08:00:00 US/Eastern  1917.18  1917.24  1914.44  1916.98     -1  40.780129  22.241681  43.523212
475  20230829 09:00:00 US/Eastern  1916.98  1921.91  1916.73  1920.95     -1  51.635685  57.005254  41.070261
476  20230829 10:00:00 US/Eastern  1920.95  1934.89  1920.76  1934.09     -1  70.748438  96.088020  58.444985
477  20230829 11:00:00 US/Eastern  1934.09  1937.62  1932.67  1936.73     -1  73.052577  96.160483  83.084586
478  20230829 12:00:00 US/Eastern  1936.73  1937.69  1934.07  1936.30     -1  72.056977  94.021505  95.423336
479  20230829 13:00:00 US/Eastern  1936.30  1938.19  1935.86  1937.17     -1  72.862818  95.705263  95.295751
480  20230829 14:00:00 US/Eastern  1937.17  1937.18  1935.12  1937.09     -1  72.655327  95.368421  95.031730
481  20230829 15:00:00 US/Eastern  1937.09  1938.19  1936.41  1938.08     -1  73.655140  99.536842  96.870175
482  20230829 16:00:00 US/Eastern  1938.08  1938.08  1935.97  1935.97     -1  67.952409  90.652632  95.185965
483  20230829 18:00:00 US/Eastern  1937.44  1937.46  1936.58  1937.17     -1  69.403310  95.705263  95.298246
484  20230829 19:00:00 US/Eastern  1937.17  1937.53  1935.91  1936.22     -1  66.824009  91.705263  92.687719
485  20230829 20:00:00 US/Eastern  1936.22  1937.24  1935.92  1936.76     -1  67.561966  93.978947  93.796491
486  20230829 21:00:00 US/Eastern  1936.76  1937.01  1935.40  1936.19     -1  65.895754  91.578947  92.421053
487  20230829 22:00:00 US/Eastern  1936.19  1937.53  1936.15  1936.78     -1  66.808228  94.063158  93.207018
488  20230829 23:00:00 US/Eastern  1936.78  1936.96  1935.88  1936.78     -1  66.808228  93.429637  93.023914
489  20230830 00:00:00 US/Eastern  1936.78  1937.10  1935.87  1936.06     -1  64.370697  87.779690  91.757495
490  20230830 01:00:00 US/Eastern  1936.06  1936.90  1935.22  1935.34     -1  61.937062  48.369565  76.526297
491  20230830 02:00:00 US/Eastern  1935.34  1936.90  1935.14  1936.14     -1  63.584451  50.242718  62.130658
492  20230830 03:00:00 US/Eastern  1936.14  1936.78  1934.92  1936.52     -1  64.373219  48.929664  49.180649
493  20230830 04:00:00 US/Eastern  1936.52  1936.91  1935.45  1936.62     -1  64.590580  51.987768  50.386717
494  20230830 05:00:00 US/Eastern  1936.62  1938.76  1935.99  1937.99     -1  67.514713  79.947917  60.288449
495  20230830 06:00:00 US/Eastern  1937.99  1938.33  1936.67  1937.93     -1  67.252772  78.385417  70.107034
496  20230830 07:00:00 US/Eastern  1937.93  1939.66  1937.23  1939.09     -1  69.700340  87.974684  82.102672
497  20230830 08:00:00 US/Eastern  1939.09  1945.75  1938.67  1945.18     -1  78.700839  94.736842  87.032314
498  20230830 09:00:00 US/Eastern  1945.18  1948.63  1942.77  1947.32     -1  80.853161  90.444931  91.052152
499  20230830 10:00:00 US/Eastern  1947.32  1949.07  1945.05  1946.57     -1  77.882740  82.332155  89.171309
500  20230830 11:00:00 US/Eastern  1946.57  1946.98  1944.07  1944.95     -1  71.750952  70.883392  81.220159
501  20230830 12:00:00 US/Eastern  1944.95  1945.05  1943.18  1944.90     -1  71.563677  70.530035  74.581861
502  20230830 13:00:00 US/Eastern  1944.90  1945.61  1943.52  1943.70     -1  67.041084  62.049470  67.820966
503  20230830 14:00:00 US/Eastern  1943.70  1944.42  1942.84  1943.87     -1  67.355825  63.250883  65.276796
504  20230830 15:00:00 US/Eastern  1943.87  1943.87  1943.07  1943.41     -1  65.532229  60.000000  61.766784
505  20230830 16:00:00 US/Eastern  1943.41  1943.63  1942.10  1942.10     -1  60.508055  50.742049  57.997644
506  20230830 18:00:00 US/Eastern  1942.58  1945.47  1941.70  1944.56     -1  65.809177  66.886931  59.209660
507  20230830 19:00:00 US/Eastern  1944.56  1944.75  1943.74  1944.25     -1  64.631797  63.149847  60.259609
508  20230830 20:00:00 US/Eastern  1944.25  1945.54  1944.25  1945.38     -1  66.952754  70.241935  66.759571
509  20230830 21:00:00 US/Eastern  1945.38  1947.69  1945.34  1947.21     -1  70.346556  84.290541  72.560774
510  20230830 22:00:00 US/Eastern  1947.21  1947.72  1945.55  1946.16     -1  66.148991  72.019231  75.517236
511  20230830 23:00:00 US/Eastern  1946.16  1946.16  1944.80  1945.17     -1  62.370123  47.082768  67.797513
512  20230831 00:00:00 US/Eastern  1945.17  1946.01  1944.90  1945.77     -1  63.722737  55.223881  58.108626
513  20230831 01:00:00 US/Eastern  1945.77  1945.94  1944.48  1945.34     -1  62.002640  60.465116  54.257255
514  20230831 02:00:00 US/Eastern  1945.34  1945.70  1943.26  1943.75     -1  55.984782  34.053156  49.914051
515  20230831 03:00:00 US/Eastern  1943.75  1946.32  1943.75  1945.10     -1  59.572588  56.478405  50.332226
516  20230831 04:00:00 US/Eastern  1945.10  1945.52  1944.37  1944.43     -1  57.085574  45.348837  45.293466
517  20230831 05:00:00 US/Eastern  1944.43  1945.18  1943.67  1944.78     -1  58.070336  51.162791  50.996678
518  20230831 06:00:00 US/Eastern  1944.78  1945.34  1944.00  1944.28     -1  56.090172  42.857143  46.456257
519  20230831 07:00:00 US/Eastern  1944.28  1945.91  1943.78  1945.66     -1  60.131047  65.780731  53.266888
520  20230831 08:00:00 US/Eastern  1945.66  1947.86  1943.10  1945.82     -1  60.583957  57.142857  55.260244
521  20230831 09:00:00 US/Eastern  1945.82  1946.41  1940.34  1943.75     -1  52.305328  45.345745  56.089778
522  20230831 10:00:00 US/Eastern  1943.75  1945.11  1941.02  1943.07     -1  49.893385  36.303191  46.263931
523  20230831 11:00:00 US/Eastern  1943.07  1943.77  1939.00  1940.62     -1  42.321204  18.284424  33.311120
524  20230831 12:00:00 US/Eastern  1940.62  1942.49  1940.51  1941.72     -1  46.264426  30.699774  28.429130
525  20230831 13:00:00 US/Eastern  1941.72  1941.83  1939.01  1940.47     -1  42.692605  16.591422  21.858540
526  20230831 14:00:00 US/Eastern  1940.47  1942.10  1940.35  1941.39     -1  45.997221  26.975169  24.755455
527  20230831 15:00:00 US/Eastern  1941.39  1941.69  1940.00  1940.01     -1  42.077656  11.399549  18.322047
528  20230831 16:00:00 US/Eastern  1940.01  1940.60  1939.50  1939.50     -1  40.697434   5.643341  14.672686
529  20230831 18:00:00 US/Eastern  1939.51  1940.31  1939.50  1940.10     -1  43.063642  12.415350   9.819413
530  20230831 19:00:00 US/Eastern  1940.10  1940.12  1939.00  1939.77     -1  42.069398   8.690745   8.916479
531  20230831 20:00:00 US/Eastern  1939.77  1940.22  1938.61  1939.28     -1  40.571539   7.243243   9.449779
532  20230831 21:00:00 US/Eastern  1939.28  1944.08  1939.26  1942.59     -1  52.797568  43.027027  19.653672
533  20230831 22:00:00 US/Eastern  1942.59  1942.66  1939.96  1940.46     -1  46.209494  20.000000  23.423423
534  20230831 23:00:00 US/Eastern  1940.46  1940.46  1938.73  1938.93     -1  42.141751   4.102564  22.376530
535  20230901 00:00:00 US/Eastern  1938.93  1940.21  1938.21  1940.01     -1  45.770641  26.086957  16.729840
536  20230901 01:00:00 US/Eastern  1940.01  1940.67  1939.22  1939.73     -1  44.982915  25.894378  18.694633
537  20230901 02:00:00 US/Eastern  1939.73  1940.42  1938.41  1940.35     -1  47.151801  36.456559  29.479298
538  20230901 03:00:00 US/Eastern  1940.35  1943.51  1940.31  1943.13     -1  55.603199  83.816014  48.722317
539  20230901 04:00:00 US/Eastern  1943.13  1943.76  1941.90  1943.00     -1  55.158979  81.601363  67.291312
540  20230901 05:00:00 US/Eastern  1943.00  1944.52  1942.94  1944.22     -1  58.509040  95.245642  86.887673
541  20230901 06:00:00 US/Eastern  1944.22  1944.38  1943.50  1944.29     -1  58.699698  96.354992  91.067332
542  20230901 07:00:00 US/Eastern  1944.29  1945.88  1943.99  1944.47     -1  59.218642  81.616688  91.072441
543  20230901 08:00:00 US/Eastern  1944.47  1952.96  1943.80  1949.91     -1  71.055657  79.322034  85.764571
544  20230901 09:00:00 US/Eastern  1949.91  1951.53  1940.08  1943.71     -1  52.391169  37.288136  66.075619
545  20230901 10:00:00 US/Eastern  1943.71  1943.71  1934.41  1940.06     -1  44.911818  30.458221  49.022797
546  20230901 11:00:00 US/Eastern  1940.06  1940.52  1936.73  1938.81     -1  42.665434  23.719677  30.488678
547  20230901 12:00:00 US/Eastern  1938.81  1939.83  1937.60  1938.10     -1  41.398821  19.892183  24.690027
548  20230901 13:00:00 US/Eastern  1938.10  1941.55  1937.32  1941.15     -1  48.475192  36.334232  26.648697
549  20230901 14:00:00 US/Eastern  1941.15  1941.21  1940.25  1941.10     -1  48.372069  36.064690  30.763702
550  20230901 15:00:00 US/Eastern  1941.10  1941.37  1940.37  1940.54     -1  47.161948  33.045822  35.148248
551  20230901 16:00:00 US/Eastern  1940.54  1940.68  1938.98  1938.98     -1  43.869507  24.636119  31.248877
552  20230903 18:00:00 US/Eastern  1940.21  1940.29  1939.36  1939.56     -1  45.395809  27.762803  28.481581
553  20230903 19:00:00 US/Eastern  1939.56  1941.05  1939.50  1940.59     -1  48.095065  33.315364  28.571429
554  20230903 20:00:00 US/Eastern  1940.59  1941.71  1940.11  1940.92     -1  48.965513  35.094340  32.057502
555  20230903 21:00:00 US/Eastern  1940.92  1944.09  1940.43  1943.06     -1  54.315889  46.630728  38.346810
556  20230903 22:00:00 US/Eastern  1943.06  1946.06  1943.03  1945.69     -1  59.882389  60.808625  47.511231
557  20230903 23:00:00 US/Eastern  1945.69  1945.95  1944.85  1944.98     -1  57.833658  61.740654  56.393336
558  20230904 00:00:00 US/Eastern  1944.98  1945.17  1944.26  1945.08     -1  58.051343  91.587983  71.379087
559  20230904 01:00:00 US/Eastern  1945.08  1945.79  1944.08  1944.43     -1  56.026660  82.529475  78.619371
560  20230904 02:00:00 US/Eastern  1944.43  1946.30  1944.34  1945.06     -1  57.571263  86.191537  86.769665
561  20230904 03:00:00 US/Eastern  1945.06  1945.25  1943.12  1943.81     -1  53.551907  72.271715  80.330909
562  20230904 04:00:00 US/Eastern  1943.81  1944.47  1942.63  1943.83     -1  53.607716  66.256831  74.906694
563  20230904 05:00:00 US/Eastern  1943.83  1944.20  1940.78  1940.97     -1  45.237242  27.185792  55.238113
564  20230904 06:00:00 US/Eastern  1940.97  1942.73  1940.28  1940.47     -1  43.945355  20.355191  37.932605
565  20230904 07:00:00 US/Eastern  1940.47  1942.00  1939.88  1941.65     -1  47.738560  32.997118  26.846034
566  20230904 08:00:00 US/Eastern  1941.65  1941.74  1939.90  1939.97     -1  43.251070   6.911765  20.088025
567  20230904 09:00:00 US/Eastern  1939.97  1940.23  1937.93  1938.26     -1  39.210791   3.942652  14.617178
568  20230904 10:00:00 US/Eastern  1938.26  1938.77  1936.63  1938.32     -1  39.424612  17.476732   9.443716
569  20230904 11:00:00 US/Eastern  1938.32  1939.02  1938.06  1938.66     -1  40.697555  20.992761  14.137382
570  20230904 12:00:00 US/Eastern  1938.66  1938.81  1937.98  1938.33     -1  39.822844  17.580145  18.683213
571  20230904 13:00:00 US/Eastern  1938.33  1938.86  1937.86  1938.40     -1  40.116859  18.304033  18.958980
572  20230904 14:00:00 US/Eastern  1938.40  1938.81  1938.40  1938.54     -1  40.740466  19.751810  18.545329
573  20230904 18:00:00 US/Eastern  1935.80  1938.82  1935.80  1938.13     -1  39.444963  22.190476  20.082106
574  20230904 19:00:00 US/Eastern  1938.13  1938.60  1937.53  1937.60     -1  37.772837  19.047619  20.329968
575  20230904 20:00:00 US/Eastern  1937.60  1937.94  1936.99  1937.88     -1  39.238298  23.990773  21.742956
576  20230904 21:00:00 US/Eastern  1937.88  1938.67  1935.00  1935.83     -1  33.093385   9.021739  17.353377
577  20230904 22:00:00 US/Eastern  1935.83  1937.46  1935.20  1937.03     -1  39.105102  26.261320  19.757944
578  20230904 23:00:00 US/Eastern  1937.03  1937.39  1936.10  1936.95     -1  38.854454  27.857143  21.046734
579  20230905 00:00:00 US/Eastern  1936.95  1938.89  1936.93  1938.52     -1  46.149299  52.225519  35.447994
580  20230905 01:00:00 US/Eastern  1938.52  1938.98  1936.58  1937.05     -1  41.193820  39.196941  39.759868
581  20230905 02:00:00 US/Eastern  1937.05  1937.27  1935.25  1936.78     -1  40.337066  44.278607  45.233689
582  20230905 03:00:00 US/Eastern  1936.78  1938.20  1935.47  1935.57     -1  36.657528  14.179104  32.551551
583  20230905 04:00:00 US/Eastern  1935.57  1935.67  1932.20  1933.44     -1  31.252980  18.289086  25.582266
584  20230905 05:00:00 US/Eastern  1933.44  1933.48  1930.55  1930.73     -1  26.000622   2.135231  11.534474
585  20230905 06:00:00 US/Eastern  1930.73  1932.36  1930.22  1931.08     -1  27.690828   9.817352  10.080556
586  20230905 07:00:00 US/Eastern  1931.08  1931.93  1930.00  1930.50     -1  26.606300   5.567929   5.840171
587  20230905 08:00:00 US/Eastern  1930.50  1934.76  1928.00  1933.78     -1  40.741081  52.641166  22.675482
588  20230905 09:00:00 US/Eastern  1933.78  1934.25  1926.70  1927.63     -1  29.333754   7.573290  21.927461
589  20230905 10:00:00 US/Eastern  1927.63  1928.53  1925.30  1927.40     -1  29.006649  15.350877  25.188444
590  20230905 11:00:00 US/Eastern  1927.40  1928.97  1926.00  1926.00     -1  27.030763   5.116959   9.347042
591  20230905 12:00:00 US/Eastern  1926.00  1927.93  1925.99  1927.24     -1  31.482641  14.181287  11.549708
592  20230905 13:00:00 US/Eastern  1927.24  1927.46  1926.23  1926.46     -1  30.233119   8.479532   9.259259
593  20230905 14:00:00 US/Eastern  1926.46  1927.49  1926.00  1926.00     -1  29.489771   5.116959   9.259259
594  20230905 15:00:00 US/Eastern  1926.00  1927.29  1925.45  1925.83     -1  29.203994   4.108527   5.901673
595  20230905 16:00:00 US/Eastern  1925.83  1926.55  1925.50  1925.50     -1  28.624115   1.550388   3.591958
596  20230905 18:00:00 US/Eastern  1925.66  1926.75  1925.43  1926.27     -1  32.016167   9.353905   5.004273
597  20230905 19:00:00 US/Eastern  1926.27  1926.91  1925.83  1926.59     -1  33.432026  13.636364   8.180219
598  20230905 20:00:00 US/Eastern  1926.59  1926.77  1924.45  1924.74     -1  29.594651   2.812803   8.601024
599  20230905 21:00:00 US/Eastern  1924.74  1925.66  1924.15  1924.82     -1  29.968990   6.314797   7.587988
600  20230905 22:00:00 US/Eastern  1924.82  1926.74  1924.40  1926.37     -1  36.962346  20.923657  10.017086
601  20230905 23:00:00 US/Eastern  1926.37  1926.57  1925.75  1926.49     -1  37.482856  23.168317  16.802257
602  20230906 00:00:00 US/Eastern  1926.49  1927.37  1926.44  1927.27     -1  40.898890  64.730290  36.274088
603  20230906 01:00:00 US/Eastern  1927.27  1928.50  1927.12  1928.24     -1  44.928923  84.854772  57.584460
604  20230906 02:00:00 US/Eastern  1928.24  1928.35  1925.63  1926.11     -1  38.690067  45.057471  64.880845
605  20230906 03:00:00 US/Eastern  1926.11  1926.64  1922.84  1922.95     -1  31.664999   1.943463  43.951902
606  20230906 04:00:00 US/Eastern  1922.95  1924.94  1922.57  1924.72     -1  38.410702  36.256324  27.752419
607  20230906 05:00:00 US/Eastern  1924.72  1925.54  1922.83  1925.29     -1  40.449415  45.868465  28.022751
608  20230906 06:00:00 US/Eastern  1925.29  1927.71  1925.29  1926.47     -1  44.542083  65.767285  49.297358
609  20230906 07:00:00 US/Eastern  1926.47  1927.00  1925.30  1925.41     -1  41.765284  47.892074  53.175942
610  20230906 08:00:00 US/Eastern  1925.41  1927.28  1923.13  1923.22     -1  36.677831  10.961214  41.540191
611  20230906 09:00:00 US/Eastern  1923.22  1929.18  1921.11  1927.95     -1  50.657775  84.758364  47.870551
612  20230906 10:00:00 US/Eastern  1927.95  1927.95  1915.50  1918.11     -1  33.893502  19.078947  38.266175
613  20230906 11:00:00 US/Eastern  1918.11  1918.25  1915.52  1916.81     -1  32.369426   9.576023  37.804445
614  20230906 12:00:00 US/Eastern  1916.81  1920.26  1916.19  1920.01     -1  39.572473  32.967836  20.540936
615  20230906 13:00:00 US/Eastern  1920.01  1920.69  1917.52  1917.64     -1  36.474053  15.643275  19.395712
616  20230906 14:00:00 US/Eastern  1917.64  1918.11  1916.00  1917.67     -1  36.541785  15.862573  21.491228
617  20230906 15:00:00 US/Eastern  1917.67  1917.73  1916.43  1916.70     -1  35.233703   8.771930  13.425926
618  20230906 16:00:00 US/Eastern  1916.70  1917.02  1916.00  1916.30     -1  34.682354   5.847953  10.160819
619  20230906 18:00:00 US/Eastern  1916.50  1918.14  1916.09  1917.60     -1  38.073992  15.350877   9.990253
620  20230906 19:00:00 US/Eastern  1917.60  1917.88  1916.92  1917.12     -1  37.303773  11.842105  11.013645
621  20230906 20:00:00 US/Eastern  1917.12  1917.14  1916.30  1916.79     -1  36.753295   9.429825  12.207602
622  20230906 21:00:00 US/Eastern  1916.79  1919.62  1916.65  1919.52     -1  44.102083  29.385965  16.885965
623  20230906 22:00:00 US/Eastern  1919.52  1919.79  1917.72  1919.72     -1  44.609848  30.847953  23.221248
624  20230906 23:00:00 US/Eastern  1919.72  1920.70  1919.36  1920.14     -1  45.724840  33.918129  31.384016
625  20230907 00:00:00 US/Eastern  1920.14  1920.24  1918.02  1918.94     -1  43.057926  27.630522  30.798868
626  20230907 01:00:00 US/Eastern  1918.94  1919.28  1917.39  1917.49     -1  40.020467  38.030888  33.193180
627  20230907 02:00:00 US/Eastern  1917.49  1919.80  1917.39  1918.43     -1  42.835777  51.702128  39.121179
628  20230907 03:00:00 US/Eastern  1918.43  1918.71  1917.08  1918.34     -1  42.629461  49.787234  46.506750
629  20230907 04:00:00 US/Eastern  1918.34  1919.30  1917.35  1918.85     -1  44.267582  60.638298  54.042553
630  20230907 05:00:00 US/Eastern  1918.85  1920.48  1918.57  1920.26     -1  48.634380  90.638298  67.021277
631  20230907 06:00:00 US/Eastern  1920.26  1921.18  1919.50  1920.00     -1  47.889249  77.220077  76.165558
632  20230907 07:00:00 US/Eastern  1920.00  1922.24  1919.93  1921.85     -1  53.364325  93.658537  87.172304
633  20230907 08:00:00 US/Eastern  1921.85  1923.58  1916.20  1923.20     -1  56.921234  94.850949  88.576521
634  20230907 09:00:00 US/Eastern  1923.20  1923.49  1918.18  1920.03     -1  47.717886  51.897019  80.135501
635  20230907 10:00:00 US/Eastern  1920.03  1921.55  1917.24  1918.04     -1  43.015922  24.932249  57.226739
636  20230907 11:00:00 US/Eastern  1918.04  1921.41  1917.30  1920.97     -1  50.716125  64.634146  47.154472
637  20230907 12:00:00 US/Eastern  1920.97  1921.45  1918.04  1918.04     -1  44.273314  24.932249  38.166215
638  20230907 13:00:00 US/Eastern  1918.04  1919.34  1917.50  1918.44     -1  45.295037  30.352304  39.972900
639  20230907 14:00:00 US/Eastern  1918.44  1920.77  1918.01  1920.35     -1  50.008341  56.233062  37.172538
640  20230907 15:00:00 US/Eastern  1920.35  1920.57  1918.66  1918.76     -1  46.422618  34.688347  40.424571
641  20230907 16:00:00 US/Eastern  1918.76  1919.80  1918.76  1919.55     -1  48.402229  45.392954  45.438121
642  20230907 18:00:00 US/Eastern  1919.25  1920.62  1919.20  1919.65     -1  48.660815  46.747967  42.276423
643  20230907 19:00:00 US/Eastern  1919.65  1920.26  1919.64  1920.26     -1  50.297142  55.013550  49.051491
644  20230907 20:00:00 US/Eastern  1920.26  1924.50  1920.06  1923.71     -1  58.377383  90.481928  64.081148
645  20230907 21:00:00 US/Eastern  1923.71  1926.02  1922.83  1925.86     -1  62.471908  98.370672  81.288717
646  20230907 22:00:00 US/Eastern  1925.86  1927.22  1925.06  1926.00     -1  62.729018  88.929220  92.593940
647  20230907 23:00:00 US/Eastern  1926.00  1926.24  1924.36  1924.88     -1  59.232791  76.553106  87.950999
648  20230908 00:00:00 US/Eastern  1924.88  1925.03  1924.29  1924.51     -1  58.081104  72.845691  79.442672
649  20230908 01:00:00 US/Eastern  1924.51  1925.92  1924.30  1925.68     -1  60.684301  84.475806  77.958201
650  20230908 02:00:00 US/Eastern  1925.68  1927.28  1924.88  1925.34     -1  59.527411  80.163599  79.161699
651  20230908 03:00:00 US/Eastern  1925.34  1925.95  1923.77  1924.12     -1  55.443014  67.689162  77.442856
652  20230908 04:00:00 US/Eastern  1924.12  1924.81  1923.38  1924.63     -1  56.778102  71.413161  73.088640
653  20230908 05:00:00 US/Eastern  1924.63  1925.86  1923.92  1925.19     -1  58.257138  75.754060  71.618794
654  20230908 06:00:00 US/Eastern  1925.19  1925.59  1923.39  1923.51     -1  52.457649  55.751174  67.639465
655  20230908 07:00:00 US/Eastern  1923.51  1923.93  1922.65  1922.99     -1  50.772840  46.905941  59.470392
656  20230908 08:00:00 US/Eastern  1922.99  1925.99  1920.39  1920.43     -1  43.385213  10.340314  37.665809
657  20230908 09:00:00 US/Eastern  1920.43  1928.84  1920.19  1928.65     -1  62.335688  97.835991  51.694082
658  20230908 10:00:00 US/Eastern  1928.65  1929.73  1923.83  1923.85     -1  51.495978  38.364780  48.847028
659  20230908 11:00:00 US/Eastern  1923.85  1924.25  1919.19  1919.62     -1  44.201392   4.079696  46.760156
660  20230908 12:00:00 US/Eastern  1919.62  1919.91  1917.36  1919.69     -1  44.341900  18.835893  20.426790
661  20230908 13:00:00 US/Eastern  1919.69  1920.54  1918.84  1920.44     -1  45.913392  24.898949  15.938180
662  20230908 14:00:00 US/Eastern  1920.44  1920.75  1918.34  1918.59     -1  42.710010   9.943411  17.892751
663  20230908 15:00:00 US/Eastern  1918.59  1919.38  1918.09  1919.18     -1  44.050702  14.713015  16.518459
664  20230908 16:00:00 US/Eastern  1919.18  1919.34  1918.09  1918.09     -1  42.090962   5.901374  10.185934